88
242
243
363
1133
1483
1540
1654
1688
1735
1741
1976
2075
2122
2373
2501
2666
2835
3136
3554
3710
3993
4294
4360
4845
5168
5350
5936
5972
6031
6196
6424
6637
6645
6684
7116
7157
7280
7513
7534
7683
7684
7951
7966
7987
8342
8730
8749
8959
9383
9526
9642
9890
9952
10108
11200
11803
11927
12851
13875
13912
14874
15482
16209
17429
17990
18142
18324
18460
19277
20269
22407
23717
23913
24697
25122
25594
25612
25988
26948
27011
27123
27544
27705
27759
27925
27927
28307
28637
29400
29725
29911
30018
30323
30324
30459
30521
30763
30900
31192
31344
31366
31372
31523
31525
31600
32339
32561
32778
33095
33493
33999
34004
34253
34593
35350
35357
35772
35838
36294
36658
36859
36898
37359
37609
37632
38635
38764
38833
39625
39698
40671
41781
41865
42979
43430
44623
48724
48817
50559
50609
50960
51003
51093
51601
52332
53446
53631
53836
54344
54472
55612
55814
55871
55874
55993
56143
57151
57433
57553
58337
58377
58531
58582
59229
59257
59294
59442
59449
61097
61667
62506
62947
64301
65938
66148
66456
66984
67286
67639
68033
68785
68937
69911
70203
70757
71533
72110
73297
73451
74557
75017
75716
77000
77010
77396
77624
79944
81262
82045
82765
83465
83541
83562
85819
86357
86487
87570
88108
88392
88688
88723
88857
89118
90364
90917
91441
92323
92632
93207
95947
96435
96923
98179
100986
101531
102182
102394
103395
103631
105736
105962
106657
107946
108051
108737
108856
110389
110962
111001
111251
112339
113071
120974
123243
124576
124580
124748
124904
126161
126286
127305
128903
130701
130750
132113
134436
134819
135235
136617
136639
137955
139795
143440
146236
149527
151511
156990
157695
159177
159218
160189
162964
170351
170828
173272
177072
177579
178527
179246
180285
181112
181315
181467
181541
182210
182212
182220
182239
182257
182261
182265
182286
182287
182293
182453
183484
183940
184176
189060
190069
190086
190906
193411
194440
194452
194628
195569
198662
199461
200246
200976
201369
201612
201674
203159
204448
206937
207413
215736
218351
218398
218734
218952
220701
221125
221667
221768
223278
226557
226574
229509
229548
229579
231144
231648
241045
242414
242583
243102
243127
244063
244469
244648
245618
247670
247925
248444
248550
249497
252873
254252
255926
258306
259031
266982
267302
267985
268661
268927
268998
269552
270171
270812
271990
277239
277651
279597
283085
283841
287906
290148
292178
304840
304842
309602
309860
311650
313004
313565
314086
314135
314233
314236
314661
316455
317068
317087
317411
319539
323512
324299
325824
326674
326678
342061
348106
350016
355758
355760
360090
363200
363838
364492
366058
368445
370575
374388
376222
381982
382258
383957
388044
396410
396998
398855
402538
402539
402544
402549
402560
402570
405228
406025
409967
413943
415255
415333
415785
418433
418682
433672
433673
448779
450265
451785
466174
466833
475598
476270
478366
496684
496811
496901
507624
511297
512463
513026
513030
519686
521601
525993
527963
530036
530451
531576
539667
545636
552497
556269
557951
559612
561635
561859
562652
564909
567482
567687
567693
567965
577725
577783
579874
579970
580131
583385
585296
587702
599691
617774
620352
628822
628868
628982
631877
635845
635902
636906
637935
644247
648061
648959
651328
652705
654245
654267
654680
654738
654761
654912
656721
657755
663129
663258
663270
665280
666860
668643
671182
674018
674305
675410
678600
678719
680217
682254
682778
683509
685340
686800
687141
687918
688340
688644
688877
689080
689146
689149
689627
690106
690225
690444
690457
690648
690825
691275
692481
692631
692822
692991
693049
693215
693422
693524
693633
693866
693958
694362
695090
695170
695523
695643
696666
696726
696842
697334
697784
697849
698155
698161
698386
698659
698781
698851
698915
699185
699714
699770
700029
700041
700234
700515
700723
701520
701656
701890
701893
701908
702187
702373
702384
702386
702389
703890
704433
704665
704761
704829
704954
705109
705145
705166
705661
705847
705867
706219
706230
706380
706964
707504
707659
707778
707824
708108
708287
708337
708438
708516
708723
708931
709184
709220
710055
710756
710759
710927
710977
711373
711395
711523
712113
712197
712254
712274
712334
712467
712982
713041
713043
713044
713052
713118
713133
713188
713240
713242
713269
713275
713309
713431
713448
713450
713516
713535
713559
713612
713614
713815
713835
713843
713845
714023
714057
714061
714149
714608
714615
714874
715053
715147
715247
715764
715773
715806
715818
715819
716111
716759
716824
717146
717196
717317
717345
717463
717466
717617
717892
717906
717959
717988
718469
718478
718509
718516
718589
718636
718639
718715
718960
719283
719345
719349
719350
719353
719491
719514
719528
719607
719684
719689
719887
719900
719949
719951
720078
720091
720128
720259
720316
720486
720498
720563
720567
720569
720634
720697
720799
720804
720988
720989
721016
721141
721212
721306
721307
721344
721442
721543
721545
721952
722020
722057
722088
722125
722181
722296
722374
722450
722573
722630
722685
722735
722782
722917
722950
723002
723033
723060
723085
723156
723213
723265
723282
723321
723347
723377
723388
723393
723443
723490
723553
723590
723598
723622
723632
723633
723636
723638
723641
723660
723734
723774
723792
723806
723827
723942
723948
724006
724009
724097
724142
724216
724224
724284
724291
724322
724390
724427
724482
724483
724507
724510
724539
724564
724569
724728
724731
724749
724792
724816
724830
724881
724898
724920
724944
725190
725201
725348
725353
725388
725402
725472
725543
725609
725731
725820
725874
725937
725944
725950
725975
726012
726052
726137
726314
726397
726426
726442
726443
726555
726632
726714
726722
726728
726731
726741
726773
726791
726886
726887
726902
726903
726905
726906
726907
726909
726910
726911
726912
726913
726915
726916
726917
726918
726920
726921
726922
726924
726927
726928
726929
726935
726936
726937
726938
726939
726940
726941
726942
726944
726946
726947
726948
726949
726950
726951
726952
726953
726955
726956
726957
726958
726959
726960
726961
726962
726963
726964
726965
726966
726967
726968
726969
726970
726971
726972
726973
726974
726975
726976
726977
726978
726979
726980
726982
726983
726984
726985
726986
726988
726989
726990
726991
726992
726994
726995
726996
726999
727000
727038
727052
727093
727127
727341
727351
727377
727550
727571
727602
727612
727770
727793
727796
727805
727813
727859
727893
727900
727907
727908
727919
727971
728024
728126
728127
728159
728204
728229
728267
728345
728348
728356
728387
728389
728398
728409
728410
728412
728414
728446
728470
728517
728585
728608
728614
728846
728904
728909
728993
729025
729045
729191
729211
729355
729443
729515
729535
729539
729542
729543
729562
729566
729637
729639
729694
729704
729711
729720
729766
729807
729830
729874
729944
730004
730048
730053
730056
730061
730079
730088
730108
730129
730153
730162
730245
730249
730263
730266
730307
730432
730469
730480
730483
730504
730520
730538
730574
730633
730642
730653
730660
730664
730704
730717
730755
730782
730788
730795
730796
730797
730819
730843
730862
730865
730888
730975
731001
731020
731022
731025
731070
731080
731156
731176
731213
731277
731326
731350
731361
731366
731394
731397
731403
731418
731442
731443
731444
731445
731470
731471
731472
731474
731480
731504
731520
731529
731592
731602
731604
731619
731620
731633
731635
731645
731661
731667
731690
731695
731749
731772
731775
731780
731821
731839
731843
731865
731880
731904
731907
731912
731928
731972
731975
731978
731981
732005
732010
732060
732070
732074
732076
732117
732121
732161
732163
732250
732288
732294
732322
732328
732329
732358
732386
732395
732415
732439
732442
732447
732451
732455
732456
732466
732470
732519
732526
732549
732554
732561
732569
732576
732587
732600
732707
732745
732773
732785
732833
732835
732842
732845
732865
732878
732894
732926
732927
732939
732945
732947
732948
732972
733053
733060
733080
733098
733106
733116
733127
733129
733149
733161
733168
733187
733222
733231
733233
733261
733264
733286
733292
733343
733344
733346
733351
733354
733355
733357
733358
733369
733372
733378
733388
733394
733410
733422
733429
733432
281474976512275
281474976512326
281474976512362
281474976512427
281474976512654
281474976512840
281474976512842
281474976512923
281474976513436
281474976513499
281474976513568
281474976513569
281474976513644
281474976513830
281474976514272
281474976515335
281474976515607
281474976515659
281474976515847
281474976515939
281474976516225
281474976519261
281474976519757
281474976521019
281474976521020
281474976521021
281474976521351
281474976521352
281474976521400
281474976522112
281474976522624
281474976522625
281474976522690
281474976522861
281474976522954
281474976523187
281474976523191
281474976524415
281474976525288
281474976525546
281474976525566
281474976527004
281474976527120
281474976527236
281474976528286
281474976528404
281474976528473
281474976528560
281474976528811
281474976529435
281474976529595
281474976530873
281474976531477
281474976531512
281474976531853
281474976532139
281474976532218
281474976532906
281474976533441
281474976533472
281474976533626
281474976533767
281474976534066
281474976534088
281474976534093
281474976534130
281474976534201
281474976534428
281474976534538
281474976534539
281474976534540
281474976534685
281474976534716
281474976534896
281474976535228
281474976535384
281474976535434
281474976535448
281474976535459
281474976535466
281474976535469
281474976535504
281474976535559
281474976535561
281474976535573
281474976535609
281474976535777
281474976535778
281474976535783
281474976535913
281474976535994
281474976536012
281474976536043
281474976536046
281474976536119
281474976536127
281474976536168
281474976536171
281474976536197
281474976536207
281474976536241
281474976536242
281474976536247
281474976536274
281474976536290
281474976536333
281474976536781
281474976536784
281474976536785
281474976536786
281474976536792
281474976536799
281474976536800
281474976536804
281474976536811
281474976536813
281474976536821
281474976536822
281474976536823
281474976536841
281474976536856
281474976536864
281474976536871
281474976536877
281474976536882
281474976536893
281474976536913
281474976536970
281474976536979
281474976536984
281474976536994
281474976537000
281474976537002
281474976537018
281474976537051
281474976537057
281474976537077
281474976537122
281474976537211
281474976537233
281474976537326
281474976537384
281474976537390
281474976537393
281474976537445
281474976537636
281474976537640
281474976537822
281474976537873
281474976538005
281474976538167
281474976538212
281474976538348
281474976538409
281474976538476
281474976538591
281474976538634
281474976538714
281474976538754
281474976539058
281474976539155
281474976539191
281474976539208
281474976539212
281474976539419
281474976539474
281474976539699
281474976539942
281474976539950
281474976539954
281474976540014
281474976540153
281474976540291
281474976540752
281474976540778
281474976540975
281474976540995
281474976541096
281474976541127
281474976541170
281474976541502
281474976541507
281474976542127
281474976542385
281474976542487
281474976543116
281474976543506
281474976543773
281474976543780
281474976543785
281474976543893
281474976544149
281474976544702
281474976545030
281474976545460
281474976545465
281474976545829
281474976546168
281474976546214
281474976546497
281474976547073
281474976547424
281474976547837
281474976548225
281474976548393
281474976548594
281474976548812
281474976549431
281474976550274
281474976550579
281474976550618
281474976550755
281474976551380
281474976551459
281474976551773
281474976552125
281474976553146
281474976553477
281474976553832
281474976554026
281474976554337
281474976555008
281474976555365
281474976555692
281474976555768
281474976555998
281474976556005
281474976556725
281474976557433
281474976557604
281474976558624
281474976559163
281474976559600
281474976559877
281474976559878
281474976560034
281474976560191
281474976560564
281474976560785
281474976561470
281474976561624
281474976561997
281474976562367
281474976562448
281474976562526
281474976562809
281474976562881
281474976563027
281474976563104
281474976563160
281474976563230
281474976563589
281474976563873
281474976564022
281474976564115
281474976564444
281474976565647
281474976565818
281474976565937
281474976566375
281474976566434
281474976566742
281474976567209
281474976567292
281474976567817
281474976567855
281474976568463
281474976568621
281474976568934
281474976568950
281474976569133
281474976569198
281474976569355
281474976569514
281474976569779
281474976570037
281474976570073
281474976570312
281474976570851
281474976570890
281474976570925
281474976571084
281474976572131
281474976572410
281474976572615
281474976572779
281474976573250
281474976573329
281474976573573
281474976573834
281474976574286
281474976574615
281474976575042
281474976575053
281474976575690
281474976575747
281474976575877
281474976576202
281474976576672
281474976576912
281474976577190
281474976577484
281474976577508
281474976577607
281474976577681
281474976578397
281474976578467
281474976579386
281474976579413
281474976579603
281474976580107
281474976580180
281474976580456
281474976580553
281474976580902
281474976581247
281474976581773
281474976585739
281474976586091
281474976586848
281474976586850
281474976587204
281474976587963
281474976588049
281474976588678
281474976588742
281474976589313
281474976589412
281474976589863
281474976590095
281474976590765
281474976591080
281474976591111
281474976591169
281474976591235
281474976591630
281474976591704
281474976591830
281474976593951
281474976594292
281474976594604
281474976595220
281474976595454
281474976595791
281474976595889
281474976596385
281474976596566
281474976596819
281474976597154
281474976597424
281474976598735
281474976598818
281474976599288
281474976599600
281474976600034
281474976600544
281474976600561
281474976600618
281474976600682
281474976601135
281474976601362
281474976602341
281474976604241
281474976604255
281474976604882
281474976605198
281474976605282
281474976605347
281474976605748
281474976606128
281474976606200
281474976607155
281474976607376
281474976608336
281474976608362
281474976608888
281474976609094
281474976610938
281474976611381
281474976611421
281474976611562
281474976612370
281474976613202
281474976613339
281474976613884
281474976614318
281474976614360
281474976614381
281474976614893
281474976615427
281474976615478
281474976615513
281474976615905
281474976616303
281474976616351
281474976616506
281474976616677
281474976616912
281474976617126
281474976617128
281474976617129
281474976617141
281474976617260
281474976617286
281474976617409
281474976617491
281474976617542
281474976618239
281474976618618
281474976618675
281474976618996
281474976619101
281474976619330
281474976619400
281474976619491
281474976619705
281474976619824
281474976619826
281474976619854
281474976619857
281474976619925
281474976620590
281474976620776
281474976621041
281474976621274
281474976622854
281474976623073
281474976623074
281474976623229
281474976623277
281474976623281
281474976623366
281474976623493
281474976623494
281474976623524
281474976623631
281474976623740
281474976623775
281474976623827
281474976623925
281474976624083
281474976624094
281474976624265
281474976624268
281474976624297
281474976624298
281474976624311
281474976624315
281474976624359
281474976624465
281474976624610
281474976624611
281474976624616
281474976624639
281474976624663
281474976624907
281474976624951
281474976625082
281474976625294
281474976625305
281474976625312
281474976625352
281474976625478
281474976625483
281474976625986
281474976625998
281474976626278
281474976626413
281474976626698
281474976627395
281474976627536
281474976627963
281474976628318
281474976633329
281474976633453
281474976635481
281474976637338
281474976637376
281474976639223
281474976639510
281474976639642
281474976639648
281474976639900
281474976640226
281474976640760
281474976641221
281474976641952
281474976642664
281474976642700
281474976643081
281474976643093
281474976643790
281474976643870
281474976643903
281474976644047
281474976644065
281474976644066
281474976644067
281474976644068
281474976644069
281474976645093
281474976648046
281474976648047
281474976648911
281474976649277
281474976649444
281474976656233
281474976656637
281474976656668
281474976656674
281474976657202
281474976658847
281474976658849
281474976663191
281474976665857
281474976666414
281474976670700
281474976674390
281474976678306
281474976680342
281474976681288
281474976687396
281474976690488
281474976691046
281474976692030
281474976692249
281474976692729
281474976692865
281474976694754
281474976694852
281474976696055
281474976696388
281474976697714
281474976698806
281474976698807
281474976700074
281474976707234
281474976707632
281474976707972
281474976707997
281474976708492
281474976709695
281474976710588
281474976710654
